
92.62000274658203
80.49999999999999
98.50000000000001
27.514166666666664

92.48999786376953
73.16666666666666
99.33333333333334
61.91416666666668

94.18000030517578
84.83333333333333
100.0
22.194444444444443

93.62999725341797
81.66666666666667
99.33333333333334
30.462222222222216

93.1500015258789
79.5
99.50000000000001
33.22111111111112

93.9000015258789
85.16666666666666
99.50000000000001
17.58333333333333

92.95999908447266
77.66666666666666
100.0
45.86972222222221

43.880001068115234
25.21378583601065
65.8105104300216
152.36899053086708

18.80025863647461
9.294871794871796
27.819548872180448
22.983972461816442

18.80025863647461
9.294871794871796
27.819548872180448
22.983972461816442

18.5
0.0
96.66666666666666
1208.858611111111

21.719999313354492
0.0
86.0
1101.31

0.0
0.0
0.0
0.0

9.800000190734863
0.0
100.0
900.0

29.020000457763672
0.0
67.8
495.8400000000001

19.5828857421875
9.294871794871796
28.216374269005843
25.155317997164904

16.399999618530273
0.0
100.0
1237.5919444444446

22.969999313354492
0.0
81.0
735.5083999999999

0.0
0.0
0.0
0.0

19.010000228881836
0.0
100.0
1521.3788888888894

13.90999984741211
0.0
88.4
711.1596000000001

0.0
0.0
0.0
0.0

32.63384246826172
19.91452991452991
46.15384615384615
44.61961124602912

