232
317
207
218
183
151
201
297
158
146
290
207
72
222
297
79
153
239
100
269
107
81
319
195
517
81
226
248
110
78
226
200
179
223
190
211
192
190
182
211
209
206
225
205
223
163
213
200
187
225
206
203
192
204
176
206
207
180
186
180
39
140
428
222
35
375
136
257
417
126
126
456
54
75
197
104
148
44
69
240
202
152
416
402
22
215
223
140
254
286


### 20clients

287
232
63
0
582
394
388
149
64
114
48
225
129
41
484
70
102
291
209
128
147
141
211
213
326
155
201
227
170
194
158
184
269
230
212
188
186
182
204
202
